reconstructed_vector <- c(b[1],d, b[2])
reconstructed_vector
#Output  [1]   3.000000   3.750000   4.500000   5.250000   6.000000   2.000000  -5.100000 -33.000000   2.000000  -5.100000 
      #[11] -33.000000   2.166667
