vec16 <- c(2, 4, 6) * rep(c(1, 2), each = 3)
vec16

#[1]  2  4  6  4  8 12
