fahrenheit <- c(45, 77, 20, 19, 101, 120, 212)
celsius <- (5/9) * (fahrenheit - 32)
celsius

#[1]  7.222222 25.000000 -6.666667 -7.222222 38.333333 48.888889 100.000000
